1.959263712693536282e-03
1.959263712693536282e-03
1.959263712693536282e-03
1.959263712693536282e-03
1.959263712693536282e-03
1.959263712693536282e-03
1.959263712693536282e-03
1.959263712693536282e-03
1.959263712693536282e-03
1.959263712693536282e-03
1.835617140049134724e-03
1.835617140049134724e-03
1.835617140049134724e-03
1.835617140049134724e-03
1.835617140049134724e-03
1.835617140049134724e-03
1.835617140049134724e-03
1.835617140049134724e-03
0.000000000000000000e+00
0.000000000000000000e+00
0.000000000000000000e+00
0.000000000000000000e+00
0.000000000000000000e+00
0.000000000000000000e+00
0.000000000000000000e+00
0.000000000000000000e+00
0.000000000000000000e+00
0.000000000000000000e+00
0.000000000000000000e+00
0.000000000000000000e+00
0.000000000000000000e+00
0.000000000000000000e+00
0.000000000000000000e+00
0.000000000000000000e+00
0.000000000000000000e+00
0.000000000000000000e+00
0.000000000000000000e+00
0.000000000000000000e+00
9.178085700245672968e-03
2.094896737362740222e-02
2.560429345665571343e-02
4.422559778876895831e-02
6.517456516239636399e-02
1.326767933663068888e-01
1.582810868229625745e-01
2.001790215702173859e-01
2.327663041514155540e-01
