8.749973360735344239e-04
1.192683696637386820e-03
1.941025238303810364e-03
2.347189156919901511e-03
4.289345292197209968e-03
4.836075689523943594e-03
5.367680186976499061e-03
7.639002564700567328e-03
7.929243155129512416e-03
9.851930499265644514e-03
1.136962130475209151e-02
1.625796596496486418e-02
1.538377848617409477e-02
1.517483283886878788e-02
1.861854489221630854e-02
1.849753363550759103e-02
1.963490253569333266e-02
1.933144031460231477e-02
2.549098770972398065e-02
2.121910112542954238e-02
2.031664883952979603e-02
2.208198966363959445e-02
2.125582278745113268e-02
1.992335107748199538e-02
1.806270297864512320e-02
2.198618110589397462e-02
1.723537319864395373e-02
1.621605140230154146e-02
1.604194242058064324e-02
1.505265069350693839e-02
1.400476530736445915e-02
1.242899062135021174e-02
1.445663588506297843e-02
1.078493510259775912e-02
1.048772082259535540e-02
9.588528697048036287e-03
8.501602112910166056e-03
8.494064610928145700e-03
6.917927723349670023e-03
8.193779931895097540e-03
6.397557855036514578e-03
6.395870158189541875e-03
5.944116013451260228e-03
5.097401816888991015e-03
5.598824967008934374e-03
4.799245124431264498e-03
5.307470233984932888e-03
