0.000000000000000000e+00
0.000000000000000000e+00
0.000000000000000000e+00
0.000000000000000000e+00
0.000000000000000000e+00
0.000000000000000000e+00
0.000000000000000000e+00
0.000000000000000000e+00
0.000000000000000000e+00
0.000000000000000000e+00
0.000000000000000000e+00
0.000000000000000000e+00
0.000000000000000000e+00
0.000000000000000000e+00
0.000000000000000000e+00
0.000000000000000000e+00
0.000000000000000000e+00
0.000000000000000000e+00
0.000000000000000000e+00
0.000000000000000000e+00
0.000000000000000000e+00
0.000000000000000000e+00
0.000000000000000000e+00
0.000000000000000000e+00
0.000000000000000000e+00
0.000000000000000000e+00
0.000000000000000000e+00
0.000000000000000000e+00
0.000000000000000000e+00
2.536016192403857498e-06
1.183474223121800250e-05
1.944279080842957542e-05
2.958685557804500372e-05
4.142159780926300453e-05
6.678175973330158883e-05
6.001904988689129878e-05
1.437075842362185924e-04
2.375401833551613279e-04
3.609596380521490908e-04
6.331587093701630722e-04
9.670675080366710570e-04
1.663626622216930620e-03
1.925681628765329133e-03
2.254518395047029437e-03
3.136206691272770686e-03
3.388962971782355244e-03
3.582545541135849585e-03
