5.070978520631953232e-05
4.900542447914092237e-04
4.585543672866572657e-04
1.241453502684149732e-03
1.607687771524106976e-03
1.996911008368725936e-03
1.850822999009158615e-03
2.200590767997655586e-03
2.674003503383720441e-03
2.573959639985877457e-03
3.428650814165832943e-03
3.203290588659321505e-03
3.890677570531114043e-03
3.570426977422473062e-03
4.278971248354883003e-03
6.043099224471404698e-03
5.005008009587835760e-03
6.383667491622937659e-03
5.852689290714105895e-03
9.086551617995009336e-03
9.701609583698513062e-03
9.664110888307103284e-03
1.222463438497691131e-02
1.052601962117764682e-02
1.288578434379003025e-02
1.074581919633011209e-02
1.380774978900112769e-02
1.199345659945872528e-02
1.147903197076716175e-02
1.467255691309309572e-02
1.232310737042863896e-02
1.507750734497027324e-02
1.266015385325282641e-02
1.467102681651053127e-02
1.345855579519158497e-02
1.400096099937536004e-02
1.706934705782544789e-02
1.345666730213463530e-02
1.596692872539883998e-02
1.375149414611160845e-02
1.689151123841473728e-02
1.538635180872761042e-02
1.596065906716550090e-02
1.994716312707805680e-02
1.656240079358547307e-02
1.894420794127730720e-02
2.217756116816292644e-02
