1.074702555100448569e-05
1.074702555100448569e-05
2.149405110200897139e-05
2.149405110200897139e-05
3.224107665301345708e-05
4.298810220401794277e-05
4.298810220401794277e-05
4.298810220401794277e-05
4.298810220401794277e-05
1.182172810610493494e-04
1.289643066120538283e-04
1.612053832650672922e-04
1.612053832650672922e-04
1.719524088160717711e-04
2.041934854690852349e-04
2.471815876731031777e-04
2.471815876731031777e-04
2.471815876731031777e-04
2.364345621220986988e-04
2.579286132241076566e-04
2.686756387751121355e-04
2.256875365710942199e-04
2.256875365710942199e-04
2.256875365710942199e-04
2.041934854690852349e-04
2.149405110200897139e-04
2.149405110200897139e-04
2.041934854690852349e-04
2.041934854690852349e-04
9.349912229373902621e-04
1.998946752486834271e-03
4.460015603666861624e-03
6.211780768480592609e-03
8.672849619660619527e-03
1.015593914569924011e-02
1.318660035108250479e-02
1.860310122878876607e-02
2.473965281841232836e-02
3.339100838697094120e-02
3.964577725765554977e-02
4.596502828164618359e-02
5.511074702555100735e-02
5.959225668031987305e-02
6.461111761263897690e-02
6.895291593524478790e-02
7.374608933099278951e-02
7.679824458747805394e-02
